
Number 1. Broyden's Method
0                      [[3.625], [-0.625]]
1    [[3.07575757576], [-0.0757575757576]]
Name: x

0                     [[8.625, 0.375], [1.0, 1.0]]
1    [[8.20075757576, 0.799242424242], [1.0, 1.0]]
Name: B

0    [[0.121212121212, -0.0454545454545], [-0.12121...
1    [[0.135107471853, -0.107983623337], [-0.135107...
Name: C

0           [[4.53125], [0.0]]
1    [[0.466023875115], [0.0]]
Name: f_at_x
###############################################################################

Number 2 Part a: Newton's Method

Estimate of x
0     [[0.937671658453], [0.0123818804317]]
1    [[0.99893541844], [-0.00020013934108]]
2    [[1.00000045679], [1.21537228751e-07]]
3              [[1.0], [3.54829505467e-14]]

Actual Error
0    6.354631e-02
1    1.083231e-03
2    4.726866e-07
3    1.314452e-13
###############################################################################

Number 2 Part b: Broyden's Method


Estimate of x
0       [[0.937671658453], [0.0123818804317]]
1      [[0.997378438269], [0.00645556289125]]
2      [[0.999691588867], [-0.0015300207645]]
3      [[1.00001192372], [3.37887585927e-05]]
4    [[0.999999720825], [-3.07744847397e-07]]
5      [[1.00000000493], [7.92598362332e-09]]
6      [[1.00000000005], [7.39678011782e-11]]

Actual Error
0    6.354631e-02
1    6.967559e-03
2    1.560795e-03
3    3.583093e-05
4    4.155065e-07
5    9.334528e-09
6    8.724462e-11